## allenai/specter: mag              
         precision    recall  f1-score   support

           0      0.661     0.726     0.692       175
           1      0.928     0.965     0.946       227
           2      0.817     0.796     0.806       196
           3      0.950     0.959     0.955       197
           4      0.885     0.889     0.887       190
           5      0.724     0.727     0.725       216
           6      0.882     0.865     0.874       208
           7      0.901     0.884     0.893       216
           8      0.719     0.773     0.745       172
           9      0.976     0.967     0.972       212
          10      0.515     0.561     0.537       187
          11      0.921     0.921     0.921       216
          12      0.871     0.938     0.904       195
          13      0.924     0.929     0.926       183
          14      0.562     0.674     0.613       175
          15      0.984     0.924     0.953       197
          16      0.550     0.547     0.549       201
          17      0.795     0.670     0.727       203
          18      0.410     0.297     0.345       185

    accuracy                          0.796      3751
   macro avg      0.788     0.790     0.788      3751
weighted avg      0.795     0.796     0.794      3751


## allenai/specter: mesh              
         precision    recall  f1-score   support

           0      0.855     0.899     0.877       786
           1      0.851     0.874     0.862       111
           2      0.894     0.843     0.868       261
           3      0.903     0.876     0.889       233
           4      0.744     0.770     0.757       113
           5      0.933     0.914     0.924       152
           6      0.932     0.902     0.917        61
           7      0.891     0.891     0.891       367
           8      0.898     0.916     0.907       287
           9      0.925     0.917     0.921       823
          10      0.906     0.852     0.878       330

    accuracy                          0.890      3524
   macro avg      0.885     0.878     0.881      3524
weighted avg      0.890     0.890     0.890      3524


## allenai/scibert_scivocab_uncased: mag
              precision    recall  f1-score   support

           0      0.538     0.760     0.630       175
           1      0.939     0.956     0.948       227
           2      0.676     0.862     0.758       196
           3      0.918     0.964     0.941       197
           4      0.865     0.842     0.853       190
           5      0.803     0.472     0.595       216
           6      0.833     0.793     0.813       208
           7      0.896     0.880     0.888       216
           8      0.676     0.814     0.739       172
           9      0.940     0.967     0.953       212
          10      0.514     0.289     0.370       187
          11      0.965     0.889     0.925       216
          12      0.816     0.887     0.850       195
          13      0.959     0.896     0.927       183
          14      0.545     0.720     0.621       175
          15      0.938     0.929     0.934       197
          16      0.510     0.517     0.514       201
          17      0.784     0.571     0.661       203
          18      0.333     0.368     0.350       185

    accuracy                          0.760      3751
   macro avg      0.761     0.757     0.751      3751
weighted avg      0.769     0.760     0.757      3751


## allenai/scibert_scivocab_uncased: mesh
              precision    recall  f1-score   support

           0      0.799     0.855     0.826       786
           1      0.690     0.703     0.696       111
           2      0.802     0.789     0.795       261
           3      0.842     0.755     0.796       233
           4      0.680     0.602     0.638       113
           5      0.843     0.882     0.862       152
           6      0.889     0.787     0.835        61
           7      0.810     0.804     0.807       367
           8      0.838     0.812     0.825       287
           9      0.883     0.881     0.882       823
          10      0.695     0.691     0.693       330

    accuracy                          0.812      3524
   macro avg      0.797     0.778     0.787      3524
weighted avg      0.813     0.812     0.812      3524


