## allenai/specter: mag              
            precision    recall  f1-score   support

           0      0.679     0.737     0.707       175
           1      0.913     0.969     0.940       227
           2      0.876     0.867     0.872       196
           3      0.969     0.964     0.967       197
           4      0.934     0.895     0.914       190
           5      0.850     0.787     0.817       216
           6      0.878     0.933     0.904       208
           7      0.939     0.926     0.932       216
           8      0.755     0.843     0.797       172
           9      0.976     0.953     0.964       212
          10      0.610     0.535     0.570       187
          11      0.975     0.917     0.945       216
          12      0.914     0.923     0.918       195
          13      0.940     0.940     0.940       183
          14      0.660     0.777     0.714       175
          15      0.970     0.975     0.972       197
          16      0.584     0.637     0.610       201
          17      0.758     0.739     0.748       203
          18      0.456     0.362     0.404       185

    accuracy                          0.830      3751
   macro avg      0.823     0.825     0.823      3751
weighted avg      0.829     0.830     0.828      3751


## allenai/specter: mesh              
            precision    recall  f1-score   support

           0      0.836     0.949     0.889       786
           1      0.893     0.901     0.897       111
           2      0.942     0.866     0.902       261
           3      0.948     0.940     0.944       233
           4      0.874     0.858     0.866       113
           5      0.955     0.967     0.961       152
           6      0.919     0.934     0.927        61
           7      0.965     0.891     0.926       367
           8      0.974     0.930     0.952       287
           9      0.956     0.930     0.943       823
          10      0.929     0.870     0.898       330

    accuracy                          0.919      3524
   macro avg      0.926     0.912     0.919      3524
weighted avg      0.922     0.919     0.919      3524


## allenai/scibert_scivocab_uncased: mag              
            precision    recall  f1-score   support

           0      0.717     0.766     0.740       175
           1      0.925     0.982     0.953       227
           2      0.874     0.883     0.878       196
           3      0.965     0.975     0.970       197
           4      0.934     0.900     0.917       190
           5      0.820     0.778     0.798       216
           6      0.912     0.947     0.929       208
           7      0.909     0.926     0.917       216
           8      0.822     0.808     0.815       172
           9      0.958     0.976     0.967       212
          10      0.671     0.556     0.608       187
          11      0.980     0.921     0.950       216
          12      0.927     0.918     0.923       195
          13      0.956     0.945     0.951       183
          14      0.673     0.754     0.712       175
          15      0.974     0.964     0.969       197
          16      0.565     0.627     0.594       201
          17      0.781     0.773     0.777       203
          18      0.418     0.384     0.400       185

    accuracy                          0.836      3751
   macro avg      0.831     0.831     0.830      3751
weighted avg      0.836     0.836     0.835      3751


## allenai/scibert_scivocab_uncased: mesh              
            precision    recall  f1-score   support

           0      0.819     0.954     0.881       786
           1      0.891     0.883     0.887       111
           2      0.966     0.862     0.911       261
           3      0.947     0.914     0.930       233
           4      0.890     0.858     0.874       113
           5      0.973     0.954     0.963       152
           6      0.906     0.951     0.928        61
           7      0.947     0.877     0.911       367
           8      0.967     0.927     0.947       287
           9      0.952     0.931     0.941       823
          10      0.953     0.861     0.904       330

    accuracy                          0.915      3524
   macro avg      0.928     0.907     0.916      3524
weighted avg      0.920     0.915     0.916      3524


